3184at766	0	14	141
678at766	0	43	432
1483at766	0	21	207
605at766	0	83	584
2845at766	0	15	149
3322at766	0	9	94
1570at766	0	21	213
248at766	0	47	472
3489at766	0	12	119
100at766	0	61	611
1331at766	0	42	423
1932at766	0	26	258
1673at766	0	22	221
2127at766	0	15	147
3561at766	0	12	124
197at766	0	56	557
968at766	0	43	434
1379at766	0	28	276
3248at766	0	11	109
2887at766	0	20	204
624at766	0	41	409
3670at766	0	8	79
2977at766	0	13	126
1437at766	0	33	328
3896at766	0	8	76
312at766	0	75	461
3520at766	0	9	85
933at766	0	51	508
1181at766	0	35	351
1658at766	0	17	173
2660at766	0	16	164
2042at766	0	21	210
1893at766	0	27	266
1899at766	0	19	187
2711at766	0	22	221
1619at766	0	35	349
286at766	0	67	669
538at766	0	53	530
910at766	0	38	382
406at766	0	51	510
3020at766	0	15	149
3246at766	0	11	111
1801at766	0	29	289
14at766	0	90	902
452at766	0	33	327
794at766	0	37	368
176at766	0	58	577
1393at766	0	21	207
2340at766	0	20	199
652at766	0	48	480
2505at766	0	25	249
222at766	0	99	652
1931at766	0	28	277
283at766	0	50	503
3233at766	0	17	173
2492at766	0	20	200
3185at766	0	12	123
1425at766	0	24	237
2551at766	0	22	221
1687at766	0	23	231
3532at766	0	10	96
2135at766	0	18	179
3898at766	0	5	53
3326at766	0	11	106
1690at766	0	22	218
3323at766	0	13	127
971at766	0	38	375
256at766	0	53	533
710at766	0	38	379
1675at766	0	35	353
1983at766	0	23	225
896at766	0	58	361
43at766	0	69	687
584at766	0	36	364
2904at766	0	14	141
2201at766	0	18	181
2582at766	0	15	150
3666at766	0	6	62
3421at766	0	15	146
2619at766	0	12	124
300at766	0	47	473
2563at766	0	18	177
430at766	0	45	441
2609at766	0	16	161
1503at766	0	21	210
2790at766	0	16	161
3488at766	0	9	89
1733at766	0	18	181
3523at766	0	10	103
2736at766	0	16	164
3333at766	0	9	86
3140at766	0	11	110
514at766	0	32	320
2456at766	0	27	272
1477at766	0	31	312
3208at766	0	11	111
805at766	0	29	291
1210at766	0	24	241
2263at766	0	17	173
1490at766	0	25	248
1412at766	0	35	354
3272at766	0	13	130
544at766	0	45	446
2166at766	0	20	198
2182at766	0	30	295
1306at766	0	36	363
2346at766	0	16	159
150at766	0	58	576
2523at766	0	13	128
2532at766	0	22	215
2493at766	0	27	270
3919at766	0	13	134
3713at766	0	17	174
1689at766	0	27	271
2303at766	0	20	199
3490at766	0	12	117
2777at766	0	20	203
2470at766	0	20	201
1564at766	0	24	237
1363at766	0	36	357
1882at766	0	19	185
2693at766	0	12	116
1023at766	0	28	279
12at766	0	202	1122
592at766	0	33	327
3461at766	0	7	74
4031at766	0	7	73
483at766	0	50	502
153at766	0	70	695
3694at766	0	12	119
595at766	0	34	336
3119at766	0	17	167
1440at766	0	30	303
997at766	0	36	358
59at766	0	63	625
686at766	0	35	351
4053at766	0	8	84
3234at766	0	12	118
1530at766	0	26	259
3626at766	0	10	99
3622at766	0	10	98
2562at766	0	18	178
3796at766	0	6	59
1132at766	0	32	324
1841at766	0	20	202
1940at766	0	27	269
2216at766	0	18	179
2437at766	0	14	141
3223at766	0	16	156
1701at766	0	40	311
364at766	0	66	660
788at766	0	53	532
2575at766	0	22	162
1896at766	0	24	238
1621at766	0	23	233
573at766	0	32	321
2536at766	0	11	109
2707at766	0	12	121
3335at766	0	11	105
3575at766	0	11	107
1875at766	0	28	282
1557at766	0	21	210
4000at766	0	8	84
2649at766	0	14	123
697at766	0	43	428
1547at766	0	20	197
3778at766	0	7	74
47at766	0	71	705
2903at766	0	15	148
3481at766	0	14	143
392at766	0	53	532
2850at766	0	19	186
3097at766	0	9	81
2044at766	0	22	223
2073at766	0	17	166
60at766	0	82	816
3066at766	0	14	140
2678at766	0	34	233
1231at766	0	37	370
1894at766	0	19	190
1581at766	0	29	285
2657at766	0	14	135
3381at766	0	19	194
2809at766	0	20	204
3934at766	0	8	81
377at766	0	48	483
363at766	0	47	467
3456at766	0	13	126
3975at766	0	8	78
786at766	0	49	485
132at766	0	67	671
382at766	0	41	410
1611at766	0	31	306
3732at766	0	10	96
996at766	0	23	229
620at766	0	32	323
1655at766	0	27	269
650at766	0	32	322
1476at766	0	41	410
1338at766	0	17	173
170at766	0	54	539
712at766	0	44	437
348at766	0	50	500
3566at766	0	11	112
257at766	0	48	476
872at766	0	42	296
350at766	0	48	483
3542at766	0	8	82
2514at766	0	15	147
162at766	0	71	707
1762at766	0	18	180
1696at766	0	26	258
812at766	0	31	309
1090at766	0	32	317
2033at766	0	17	169
2787at766	0	24	237
1004at766	0	28	280
1891at766	0	16	160
1297at766	0	32	320
2461at766	0	18	180
1561at766	0	35	348
1365at766	0	27	271
3213at766	0	15	153
931at766	0	35	346
2701at766	0	16	160
1454at766	0	27	270
404at766	0	36	360
3976at766	0	8	83
2943at766	0	19	190
843at766	0	59	405
1310at766	0	24	243
2557at766	0	13	134
3917at766	0	10	104
2070at766	0	25	246
311at766	0	68	681
119at766	0	68	681
503at766	0	45	446
3904at766	0	6	57
3127at766	0	20	202
498at766	0	36	359
49at766	0	72	723
1637at766	0	20	204
2834at766	0	13	125
2632at766	0	19	187
3372at766	0	11	105
431at766	0	35	346
117at766	0	62	617
496at766	0	50	504
216at766	0	52	520
1276at766	0	26	258
2208at766	0	34	338
1528at766	0	25	254
1683at766	0	26	205
2069at766	0	24	241
129at766	0	75	754
857at766	0	28	282
646at766	0	36	359
2518at766	0	13	129
1190at766	0	25	250
2404at766	0	21	209
2996at766	0	13	131
2045at766	0	19	192
757at766	0	37	368
2381at766	0	18	177
1740at766	0	28	276
1817at766	0	21	207
1446at766	0	45	449
935at766	0	35	346
3090at766	0	18	177
3995at766	0	8	82
1222at766	0	29	286
2424at766	0	22	224
1304at766	0	37	367
1755at766	0	26	264
2712at766	0	17	174
3207at766	0	12	120
349at766	0	54	543
1739at766	0	20	203
2656at766	0	20	198
383at766	0	55	391
1945at766	0	17	171
1527at766	0	28	275
22at766	0	119	1194
3219at766	0	17	172
2739at766	0	26	261
3352at766	0	8	81
322at766	0	44	435
1578at766	0	34	339
2163at766	0	20	200
384at766	0	39	392
2960at766	0	16	162
2567at766	0	12	118
540at766	0	37	373
2005at766	0	18	175
1135at766	0	26	256
255at766	0	54	535
2606at766	0	15	147
1718at766	0	18	182
3328at766	0	9	87
3008at766	0	11	107
2000at766	0	24	235
1146at766	0	37	366
1914at766	0	23	233
1148at766	0	24	240
1288at766	0	30	298
947at766	0	27	270
3605at766	0	9	94
3644at766	0	7	68
1853at766	0	34	340
770at766	0	34	344
613at766	0	37	373
4072at766	0	5	52
3687at766	0	11	111
2674at766	0	18	183
634at766	0	67	417
1333at766	0	23	225
421at766	0	57	567
2458at766	0	16	158
3at766	0	203	1190
3819at766	0	7	72
246at766	0	71	706
2561at766	0	15	123
1541at766	0	20	202
3074at766	0	16	155
2305at766	0	24	242
2825at766	0	16	160
3395at766	0	9	86
803at766	0	44	435
3351at766	0	10	97
3356at766	0	9	94
823at766	0	31	311
3110at766	0	18	180
101at766	0	95	663
3314at766	0	12	122
2710at766	0	15	154
2531at766	0	13	131
740at766	0	46	463
2084at766	0	27	266
3992at766	0	6	56
559at766	0	35	352
2913at766	0	18	176
172at766	0	59	589
1015at766	0	26	262
977at766	0	39	391
2580at766	0	23	230
3157at766	0	10	101
3062at766	0	20	196
982at766	0	36	363
2715at766	0	18	182
3939at766	0	5	45
2771at766	0	18	184
1152at766	0	26	256
3058at766	0	13	128
3797at766	0	7	65
2666at766	0	18	176
1269at766	0	32	324
400at766	0	42	419
2841at766	0	16	162
1409at766	0	30	301
3665at766	0	14	138
2295at766	0	28	279
1360at766	0	24	242
3319at766	0	10	99
3229at766	0	10	100
