Chain
	Aln	1	+12 14 2237 2239 -edge_1_0_+disjointig_1_0_38186 35961 38184 38186 -1 -1 2223 0.00110042
Chain
	Aln	0	-12 1 2224 2239 +edge_1_0_+disjointig_1_0_38186 1 2224 38186 -1 -1 2223 0.00110042
Chain
	Aln	1	+2 449617 454603 475222 -edge_1_0_+disjointig_1_0_38186 33148 38185 38186 -1 -1 4961 0.000860438
Chain
	Aln	1	+2 12398 14263 475222 -edge_1_0_+disjointig_1_0_38186 33150 35015 38186 -1 -1 1865 0.000256939
Chain
	Aln	1	+2 57695 59172 475222 -edge_1_0_+disjointig_1_0_38186 28450 29927 38186 -1 -1 1477 0.000416083
Chain
	Aln	1	+2 111236 112713 475222 -edge_1_0_+disjointig_1_0_38186 28450 29927 38186 -1 -1 1477 0.000416083
Chain
	Aln	0	+2 216009 217486 475222 +edge_1_0_+disjointig_1_0_38186 8258 9735 38186 -1 -1 1477 0.000416083
Chain
	Aln	0	+2 255393 256870 475222 +edge_1_0_+disjointig_1_0_38186 8258 9735 38186 -1 -1 1477 0.000416083
Chain
	Aln	1	+2 315200 316677 475222 -edge_1_0_+disjointig_1_0_38186 28450 29927 38186 -1 -1 1477 0.000416083
Chain
	Aln	0	+2 374809 376286 475222 +edge_1_0_+disjointig_1_0_38186 8258 9735 38186 -1 -1 1477 0.000416083
Chain
	Aln	0	+2 416698 418175 475222 +edge_1_0_+disjointig_1_0_38186 8258 9735 38186 -1 -1 1477 0.000416083
Chain
	Aln	0	+2 244744 246221 475222 +edge_1_0_+disjointig_1_0_38186 8258 9735 38186 -1 -1 1472 0.000908579
Chain
	Aln	0	+2 16507 17975 475222 +edge_1_0_+disjointig_1_0_38186 8267 9735 38186 -1 -1 1468 0.000341341
Chain
	Aln	0	-2 20618 25604 475222 +edge_1_0_+disjointig_1_0_38186 0 5037 38186 -1 -1 4961 0.000860438
Chain
	Aln	0	-2 460958 462823 475222 +edge_1_0_+disjointig_1_0_38186 3170 5035 38186 -1 -1 1865 0.000256939
Chain
	Aln	0	-2 416049 417526 475222 +edge_1_0_+disjointig_1_0_38186 8258 9735 38186 -1 -1 1477 0.000416083
Chain
	Aln	0	-2 362508 363985 475222 +edge_1_0_+disjointig_1_0_38186 8258 9735 38186 -1 -1 1477 0.000416083
Chain
	Aln	1	-2 257735 259212 475222 -edge_1_0_+disjointig_1_0_38186 28450 29927 38186 -1 -1 1477 0.000416083
Chain
	Aln	1	-2 218351 219828 475222 -edge_1_0_+disjointig_1_0_38186 28450 29927 38186 -1 -1 1477 0.000416083
Chain
	Aln	0	-2 158544 160021 475222 +edge_1_0_+disjointig_1_0_38186 8258 9735 38186 -1 -1 1477 0.000416083
Chain
	Aln	1	-2 98935 100412 475222 -edge_1_0_+disjointig_1_0_38186 28450 29927 38186 -1 -1 1477 0.000416083
Chain
	Aln	1	-2 57046 58523 475222 -edge_1_0_+disjointig_1_0_38186 28450 29927 38186 -1 -1 1477 0.000416083
Chain
	Aln	1	-2 229000 230477 475222 -edge_1_0_+disjointig_1_0_38186 28450 29927 38186 -1 -1 1472 0.000908579
Chain
	Aln	1	-2 457246 458714 475222 -edge_1_0_+disjointig_1_0_38186 28450 29918 38186 -1 -1 1468 0.000341341
Chain
	Aln	1	+1 14 38186 941043 -edge_1_0_+disjointig_1_0_38186 13 38185 38186 -1 -1 38172 0
Chain
	Aln	0	+1 806838 809500 941043 +edge_1_0_+disjointig_1_0_38186 2377 5039 38186 -1 -1 2376 0.00428732
Chain
	Aln	1	+1 103562 105873 941043 -edge_1_0_+disjointig_1_0_38186 33148 35459 38186 -1 -1 2311 0
Chain
	Aln	1	+1 784323 786628 941043 -edge_1_0_+disjointig_1_0_38186 33148 35453 38186 -1 -1 2305 0
Chain
	Aln	1	+1 829060 830927 941043 -edge_1_0_+disjointig_1_0_38186 33148 35015 38186 -1 -1 1867 0.000195368
Chain
	Aln	0	+1 606151 607628 941043 +edge_1_0_+disjointig_1_0_38186 8258 9735 38186 -1 -1 1477 0.000416083
Chain
	Aln	1	+1 801007 802484 941043 -edge_1_0_+disjointig_1_0_38186 28450 29927 38186 -1 -1 1477 0.000416083
Chain
	Aln	0	+1 727120 728597 941043 +edge_1_0_+disjointig_1_0_38186 8258 9735 38186 -1 -1 1477 0.000416083
Chain
	Aln	1	+1 723870 725347 941043 -edge_1_0_+disjointig_1_0_38186 28450 29927 38186 -1 -1 1477 0.000416083
Chain
	Aln	1	+1 716378 717855 941043 -edge_1_0_+disjointig_1_0_38186 28450 29927 38186 -1 -1 1477 0.000416083
Chain
	Aln	0	+1 674924 676401 941043 +edge_1_0_+disjointig_1_0_38186 8258 9735 38186 -1 -1 1477 0.000416083
Chain
	Aln	1	+1 664898 666375 941043 -edge_1_0_+disjointig_1_0_38186 28450 29927 38186 -1 -1 1477 0.000416083
Chain
	Aln	0	+1 645220 646697 941043 +edge_1_0_+disjointig_1_0_38186 8258 9735 38186 -1 -1 1477 0.000416083
Chain
	Aln	0	+1 640210 641687 941043 +edge_1_0_+disjointig_1_0_38186 8258 9735 38186 -1 -1 1477 0.000416083
Chain
	Aln	1	+1 599363 600840 941043 -edge_1_0_+disjointig_1_0_38186 28450 29927 38186 -1 -1 1477 0.000416083
Chain
	Aln	1	+1 518233 519710 941043 -edge_1_0_+disjointig_1_0_38186 28450 29927 38186 -1 -1 1477 0.000416083
Chain
	Aln	0	+1 396026 397503 941043 +edge_1_0_+disjointig_1_0_38186 8258 9735 38186 -1 -1 1477 0.000416083
Chain
	Aln	0	+1 221980 223457 941043 +edge_1_0_+disjointig_1_0_38186 8258 9735 38186 -1 -1 1477 0.000416083
Chain
	Aln	1	+1 216901 218378 941043 -edge_1_0_+disjointig_1_0_38186 28450 29927 38186 -1 -1 1477 0.000416083
Chain
	Aln	1	+1 156173 157650 941043 -edge_1_0_+disjointig_1_0_38186 28450 29927 38186 -1 -1 1477 0.000416083
Chain
	Aln	0	+1 77690 79158 941043 +edge_1_0_+disjointig_1_0_38186 8267 9735 38186 -1 -1 1468 0.000341341
Chain
	Aln	0	+1 394685 396021 941043 +edge_1_0_+disjointig_1_0_38186 8258 9594 38186 -1 -1 1336 0.000254059
Chain
	Aln	0	-1 902856 941028 941043 +edge_1_0_+disjointig_1_0_38186 0 38172 38186 -1 -1 38172 0
Chain
	Aln	1	-1 131542 134204 941043 -edge_1_0_+disjointig_1_0_38186 33146 35808 38186 -1 -1 2376 0.00428732
Chain
	Aln	0	-1 835169 837480 941043 +edge_1_0_+disjointig_1_0_38186 2726 5037 38186 -1 -1 2311 0
Chain
	Aln	0	-1 154414 156719 941043 +edge_1_0_+disjointig_1_0_38186 2732 5037 38186 -1 -1 2305 0
Chain
	Aln	0	-1 110115 111982 941043 +edge_1_0_+disjointig_1_0_38186 3170 5037 38186 -1 -1 1867 0.000195368
Chain
	Aln	1	-1 333414 334891 941043 -edge_1_0_+disjointig_1_0_38186 28450 29927 38186 -1 -1 1477 0.000416083
Chain
	Aln	0	-1 138558 140035 941043 +edge_1_0_+disjointig_1_0_38186 8258 9735 38186 -1 -1 1477 0.000416083
Chain
	Aln	1	-1 212445 213922 941043 -edge_1_0_+disjointig_1_0_38186 28450 29927 38186 -1 -1 1477 0.000416083
Chain
	Aln	0	-1 215695 217172 941043 +edge_1_0_+disjointig_1_0_38186 8258 9735 38186 -1 -1 1477 0.000416083
Chain
	Aln	0	-1 223187 224664 941043 +edge_1_0_+disjointig_1_0_38186 8258 9735 38186 -1 -1 1477 0.000416083
Chain
	Aln	1	-1 264641 266118 941043 -edge_1_0_+disjointig_1_0_38186 28450 29927 38186 -1 -1 1477 0.000416083
Chain
	Aln	0	-1 274667 276144 941043 +edge_1_0_+disjointig_1_0_38186 8258 9735 38186 -1 -1 1477 0.000416083
Chain
	Aln	1	-1 294345 295822 941043 -edge_1_0_+disjointig_1_0_38186 28450 29927 38186 -1 -1 1477 0.000416083
Chain
	Aln	1	-1 299355 300832 941043 -edge_1_0_+disjointig_1_0_38186 28450 29927 38186 -1 -1 1477 0.000416083
Chain
	Aln	0	-1 340202 341679 941043 +edge_1_0_+disjointig_1_0_38186 8258 9735 38186 -1 -1 1477 0.000416083
Chain
	Aln	0	-1 421332 422809 941043 +edge_1_0_+disjointig_1_0_38186 8258 9735 38186 -1 -1 1477 0.000416083
Chain
	Aln	1	-1 543539 545016 941043 -edge_1_0_+disjointig_1_0_38186 28450 29927 38186 -1 -1 1477 0.000416083
Chain
	Aln	1	-1 717585 719062 941043 -edge_1_0_+disjointig_1_0_38186 28450 29927 38186 -1 -1 1477 0.000416083
Chain
	Aln	0	-1 722664 724141 941043 +edge_1_0_+disjointig_1_0_38186 8258 9735 38186 -1 -1 1477 0.000416083
Chain
	Aln	0	-1 783392 784869 941043 +edge_1_0_+disjointig_1_0_38186 8258 9735 38186 -1 -1 1477 0.000416083
Chain
	Aln	1	-1 861884 863352 941043 -edge_1_0_+disjointig_1_0_38186 28450 29918 38186 -1 -1 1468 0.000341341
Chain
	Aln	1	-1 545021 546357 941043 -edge_1_0_+disjointig_1_0_38186 28591 29927 38186 -1 -1 1336 0.000254059
