Edge	0	10	6	1	0	0	16843	-1
	Sequence	+edge_1_0_+disjointig_10_0_3559 3559 1 3560 0 3559
Edge	1	19	8	1	0	0	16843	-1
	Sequence	-edge_1_0_+disjointig_10_0_3559 3559 -1 3560 0 3559
Edge	6	7	2	0	0	0	109	-1
	Sequence	+edge_4_0_+disjointig_18_14600_17949 3349 2 22715 14600 17949
Edge	7	7	2	0	0	0	109	-1
	Sequence	-edge_4_0_+disjointig_18_14600_17949 3349 -2 22715 4765 8114
Edge	8	1	22	0	0	0	25	-1
	Sequence	+edge_5_0_+disjointig_20_0_187736 187736 3 861654 0 187736
Edge	9	0	13	0	0	0	25	-1
	Sequence	-edge_5_0_+disjointig_20_0_187736 187736 -3 861654 673917 861653
Edge	10	11	14	0	0	1	58	-1
	Sequence	+edge_6_0_+disjointig_20_187736_189605 1869 3 861654 187736 189605
	Sequence	+edge_6_1_+disjointig_20_403277_405146 1869 3 861654 403277 405146
	Sequence	+edge_6_2_-disjointig_21_9374_11243 1869 -4 546664 9374 11243
Edge	11	15	5	0	0	1	58	-1
	Sequence	-edge_6_0_+disjointig_20_187736_189605 1869 -3 861654 672048 673917
	Sequence	-edge_6_1_+disjointig_20_403277_405146 1869 -3 861654 456507 458376
	Sequence	-edge_6_2_-disjointig_21_9374_11243 1869 4 546664 535420 537289
Edge	14	14	16	0	0	1	22	-1
	Sequence	+edge_8_0_+disjointig_20_189605_191851 2246 3 861654 189605 191851
	Sequence	+edge_8_1_+disjointig_20_405146_407392 2246 3 861654 405146 407392
Edge	15	17	15	0	0	1	22	-1
	Sequence	-edge_8_0_+disjointig_20_189605_191851 2246 -3 861654 669802 672048
	Sequence	-edge_8_1_+disjointig_20_405146_407392 2246 -3 861654 454261 456507
Edge	16	14	23	0	0	0	29	-1
	Sequence	+edge_9_0_-disjointig_21_11243_546663 535420 -4 546664 11243 546663
Edge	17	21	15	0	0	0	29	-1
	Sequence	-edge_9_0_-disjointig_21_11243_546663 535420 4 546664 0 535420
Edge	18	12	18	0	0	0	27	-1
	Sequence	+edge_10_0_+disjointig_20_191851_332858 141007 3 861654 191851 332858
Edge	19	20	3	0	0	0	27	-1
	Sequence	-edge_10_0_+disjointig_20_191851_332858 141007 -3 861654 528795 669802
Edge	20	16	18	0	0	0	31	-1
	Sequence	+edge_11_0_+disjointig_20_407392_840785 433393 3 861654 407392 840785
Edge	21	20	17	0	0	0	31	-1
	Sequence	-edge_11_0_+disjointig_20_407392_840785 433393 -3 861654 20868 454261
Edge	32	9	7	1	0	0	270	-1
	Sequence	+edge_17_0_+disjointig_18_0_14600 14600 2 22715 0 14600
Edge	33	2	4	1	0	0	270	-1
	Sequence	-edge_17_0_+disjointig_18_0_14600 14600 -2 22715 8114 22714
Edge	34	5	20	0	0	0	61	-1
	Sequence	+edge_18_0_-disjointig_20_458376_528795 70419 -3 861654 458376 528795
Edge	35	18	11	0	0	0	61	-1
	Sequence	-edge_18_0_-disjointig_20_458376_528795 70419 3 861654 332858 403277
Edge	36	22	12	0	0	0	26	-1
	Sequence	+edge_19_0_+adca1359-7439-4420-9774-1bdf0aee9875_8596_12708 4112 * 0 0 0
Edge	37	3	0	0	0	0	26	-1
	Sequence	-edge_19_0_+adca1359-7439-4420-9774-1bdf0aee9875_8596_12708 4112 * 0 0 0
